26
22
13
24
19
16
18
13
18
16
17
29
20
18
21
16
17
24
14
7
18
20
17
22
19
9
21
15
12
21
18
11
11
13
20
28
21
17
18
28
21
28
21
17
11
25
15
16
14
14
13
16
19
13
13
8
18
13
28
16
15
23
19
16
19
9
15
11
12
14
16
16
13
26
11
18
17
10
24
18
19
8
13
15
17
10
22
23
23
24
9
30
19
24
16
15
17
20
15
21
16
17
24
11
22
20
22
14
23
15
17
17
22
27
26
15
19
23
20
4
15
19
28
8
31
20
21
25
18
21
21
17
23
15
28
26
20
26
26
28
25
23
19
31
13
15
20
21
16
18
18
11
25
9
20
24
16
14
24
18
17
17
20
26
23
20
27
29
19
17
18
20
18
23
22
25
25
29
13
23
22
22
24
20
14
21
20
13
20
9
19
23
31
32
17
21
14
16
10
11
14
16
21
22
24
19
21
19
12
23
15
25
22
27
20
23
17
18
12
20
17
33
16
12
23
13
25
24
17
22
19
13
22
14
19
18
32
15
20
22
18
28
23
17
14
11
16
21
24
15
24
18
15
9
20
19
8
20
12
13
24
24
15
18
18
13
22
9
16
22
18
18
15
26
28
9
19
20
10
22
23
13
33
13
18
25
22
17
23
20
21
17
25
29
21
23
8
26
17
24
10
11
13
24
23
23
28
24
15
19
23
17
9
32
24
16
10
20
16
15
15
24
18
16
10
21
16
13
20
21
19
9
21
6
14
22
35
18
23
17
27
3
25
22
17
17
28
10
16
18
18
23
24
15
18
16
11
17
10
22
18
22
23
11
22
18
24
20
21
24
15
25
33
24
18
15
15
20
14
20
16
17
19
30
23
8
13
13
16
13
27
19
18
26
16
4
24
22
15
11
26
19
13
16
18
20
13
16
9
21
28
21
14
21
20
21
12
16
20
15
19
28
13
21
5
21
9
13
6
18
14
9
15
19
27
27
15
23
23
25
17
21
18
17
23
13
9
25
32
16
21
14
10
19
18
12
15
19
20
23
36
9
13
14
17
13
5
12
18
24
26
32
7
18
19
23
22
12
16
17
24
10
26
19
29
22
13
30
21
8
8
19
32
31
12
22
27
26
24
11
15
19
16
14
9
18
19
28
21
10
21
26
26
7
11
7
15
14
18
12
17
9
15
18
18
22
16
18
18
13
23
23
19
26
16
17
15
17
28
8
34
27
16
12
22
35
19
22
26
15
20
14
13
30
12
8
25
20
20
11
18
28
19
23
27
19
20
23
21
25
20
27
18
20
18
15
19
16
12
19
18
20
14
21
12
22
14
21
0
20
18
17
5
19
22
24
22
7
19
13
14
22
21
18
23
23
24
23
32
24
22
22
15
18
16
13
15
12
20
17
22
24
17
18
26
11
7
16
24
14
20
15
7
5
17
14
23
19
23
22
21
15
24
21
19
12
31
19
23
15
18
22
23
16
19
14
13
9
23
17
19
18
9
19
14
10
3
28
14
18
16
23
27
11
27
14
12
20
18
28
10
31
26
22
23
20
19
18
13
15
26
16
22
20
22
11
17
9
11
26
24
9
29
22
23
15
13
9
24
30
21
23
13
21
14
16
10
32
15
31
14
15
16
32
21
19
15
16
10
21
19
19
20
27
15
19
21
19
16
18
14
20
10
13
24
19
18
31
19
18
19
20
25
13
22
24
9
9
9
15
20
20
23
16
18
18
15
9
13
29
19
16
20
27
15
19
28
22
18
15
25
14
19
22
21
7
11
14
14
10
15
30
28
17
19
21
20
29
20
18
9
19
17
25
12
18
19
16
32
9
2
21
22
21
23
26
19
9
21
13
17
19
18
15
20
13
17
17
12
27
23
13
24
12
26
23
18
22
29
17
18
8
20
23
17
21
19
10
14
13
19
15
24
18
6
13
18
26
24
19
22
31
18
26
17
17
21
26
18
21
12
27
22
18
13
22
17
30
19
24
23
16
20
21
14
21
9
9
17
15
24
32
24
17
12
16
10
25
11
21
22
25
9
20
18
12
21
26
21
5
14
19
24
23
18
17
20
11
17
20
17
12
25
20
25
18
16
21
27
14
19
14
17
16
17
23
20
15
13
16
26
28
11
24
12
21
20
24
22
36
23
16
19
23
20
23
25
17
11
14
9
20
23
18
2
17
17
18
10
23
18
25
24
14
15
26
11
23
19
19
15
16
10
3
21
14
11
19
18
21
5
17
30
23
25
7
17
25
28
18
0
