1  303
2  3121
3  6373
4  8661
5  801
6  8841
7  7003
8  3981
9  3451
10  7827
11  1323
12  1693
13  3621
14  51
15  8535
16  6331
17  7795
18  937
19  8421
20  2763
21  75
22  8325
23  3795
24  2343
25  5277
26  9649
27  4201
28  4255
29  7153
30  957
31  9
32  1231
33  2121
34  3355
35  115
36  6373
37  2253
38  201
39  75
40  1303
41  13
42  2211
43  3655
44  2323
45  2977
46  5913
47  7929
48  559
49  3595
50  1575
51  289
52  3111
53  1339
54  1303
55  9621
56  7591
57  511
58  2763
59  3325
60  8299
61  159
62  5029
63  463
64  1219
65  3199
66  127
67  7299
68  6999
69  7947
70  2527
71  1675
72  2511
73  4033
74  9421
75  1203
76  1819
77  8829
78  2467
79  8997
80  8977
81  2379
82  9957
83  777
84  9475
85  5965
86  9399
87  2797
88  7087
89  31
90  2251
91  553
92  4461
93  9567
94  1833
95  2661
96  5409
97  9331
98  3943
99  5341
100  3313
101  285
102  7371
103  6541
104  5127
105  8263
106  7321
107  6249
108  3187
109  2271
110  2415
111  1819
112  421
113  2019
114  5655
115  7855
116  1309
117  385
118  3559
119  723
120  8223
121  2445
122  741
123  8161
124  5053
125  9985
126  1893
127  5473
128  5007
129  349
130  267
131  6363
132  1041
133  3811
134  819
135  3235
136  2221
137  1599
138  5295
139  4813
140  5959
141  1533
142  4713
143  7041
144  3163
145  4741
146  9303
147  2419
148  2599
149  1503
150  9649
151  3301
152  4095
153  259
154  5049
155  9937
156  7533
157  7855
158  1249
159  69
160  2127
161  615
162  537
163  3039
164  2113
165  1369
166  7233
167  4675
168  9409
169  3951
170  127
171  739
172  4725
173  8175
174  5707
175  4963
176  9813
177  2127
178  6351
179  1675
180  6019
181  237
182  1497
183  3027
184  4107
185  5755
186  8175
187  895
188  5905
189  1147
190  855
191  3607
192  9753
193  9235
194  1231
195  1021
196  7885
197  9267
198  4695
199  7971
200  8379
201  2187
202  2563
203  9151
204  7233
205  3427
206  2163
207  1983
208  2365
209  4767
210  2983
211  7087
212  8071
213  6667
214  867
215  8493
216  4645
217  1093
218  6373
219  1495
220  3199
221  6385
222  169
223  8191
224  8583
225  9547
226  2715
227  6937
228  1749
229  1765
230  1767
231  1771
232  1773
233  1777
234  1797
235  1801
236  1809
237  1819
238  1827
239  1831
240  1833
241  1839
242  1857
243  1869
244  1879
245  1893
246  1899
247  1915
248  1921
249  1923
250  1933
251  1941
252  1945
253  1959
254  1963
255  1963
256  3865
257  495
258  639
259  2505
260  8961
261  8683
262  5547
263  8193
264  6783
265  6631
266  2215
267  1675
268  4173
269  4843
270  7401
271  1395
272  8577
273  3669
274  8175
275  163
276  9997
277  2323
278  7585
279  3381
280  6601
281  7897
282  2173
283  5325
284  3229
285  5295
286  1639
287  3477
288  6763
289  1773
290  1039
291  4033
292  7591
293  1809
294  9267
295  4773
296  2019
297  3873
298  9081
299  5967
300  6933
301  4963
302  8131
303  3411
304  2427
305  7489
306  1645
307  9621
Rozwiazanie 1.1
307
Rozwiazanie 1.2
1749 27
Rozwiazanie 1.3
56
