0 80514729
0 317801929
1 7
0 823173481
0 45360225
0 660387204
0 325838601
0 408969729
0 41370624
0 1064325376
0 823804804
0 59613841
0 23541904
0 979126681
0 766348489
0 899340121
0 1009777729
0 2835856
0 210714256
0 589809796
0 654643396
1 96786244
0 18225
0 5914624
1 896523364
0 989605764
0 250905600
0 136165561
1 415425924
0 1306449
0 6210064
0 828403524
0 867125809
0 210163009
0 754655841
0 318979600
0 105288121
0 17901361
0 233508961
0 27867841
0 79156609
0 897661521
0 849197881
0 82428241
0 395691664
0 126922756
0 746491684
1 15944049
0 883040656
0 119990116
0 235225
0 460231209
0 248819076
0 851705856
0 12945604
0 76702564
0 157076089
0 490622500
0 32012964
0 30217009
1 152399025
0 552250000
0 443734225
0 1026177156
0 84272400
1 722500
0 395572321
0 351750025
0 336832609
0 186923584
1 19
0 523357129
0 401521444
0 100821681
0 496576656
0 167236624
0 403367056
0 629759025
0 528908004
0 613404289
0 146023056
0 416486464
0 738969856
0 3865156
0 2131600
1 830477124
0 4016016
0 687645729
0 43178041
0 60016009
0 454542400
0 448804225
0 1002001
0 1296
0 277389025
0 813504484
0 48469444
0 28196100
0 11289600
0 75047569
1 81649296
1 890306244
0 439569
0 7946761
0 856791441
0 163968025
0 759718969
0 3786916
0 8649
1 988662249
0 997359561
0 29354724
0 583947225
0 490223881
0 761318464
0 4588164
0 575040400
0 545736321
0 138344644
0 337383424
0 105534529
0 24462916
0 125216100
0 37222201
0 115734564
0 383141476
0 1081600
0 291521476
0 418693444
0 69305625
0 7623121
0 110460100
1 82573569
1 145515969
0 755095441
0 730891225
0 91987281
0 65448100
0 866654721
0 22648081
0 5221225
0 1061065476
0 323280400
0 20331081
0 176199076
0 416364025
0 1904400
1 481978116
0 109307025
0 527758729
0 87478609
1 505935049
0 253191744
0 38142976
0 985269321
0 1026433444
0 320911396
0 407959204
0 377058724
0 4206601
1 9296401
0 79299025
0 455609025
0 8099716
0 376243609
0 311204881
1 17056900
1 22992025
0 2044900
1 4703684
1 7245755
1 26137200
1 33763104
1 36547830
1 55521104
1 80835680
1 88187632
1 94689270
1 97979505
1 103301480
1 108129400
1 113190750
1 133145005
1 167851000
1 170427798
1 185218041
1 187689600
1 189920159
1 194041604
1 211859639
1 222807551
1 226128238
1 250532865
1 257244834
1 260860996
1 358403180
1 392289610
1 393186913
1 407412022
1 416255900
1 423188884
1 469069512
1 483015465
1 549646416
1 625352805
1 690847794
1 709031778
1 850474296
0 753392704
0 272712196
1 443439364
0 673143025
1 49533444
0 20088324
0 852523204
0 88774084
0 124925329
0 334194961
0 468852409
0 6848689
0 33189121
0 554602500
0 196280100
0 96530625
1 25020004
0 87965641
0 40804
0 166668100
0 138086001
0 76807696
0 5517801
0 603783184
0 856849984
0 6370576
0 587868516
0 208311489
0 647600704
0 206841924
0 1048270129
0 370562500
0 1038901824
0 50879689
0 94828644
1 624350169
0 307967401
1 144432324
0 967832100
1 854685225
1 577344784
0 243984400
0 15904144
0 1317904
1 735006321
0 15618304
1 926958916
0 762201664
0 150136009
1 385651044
0 4068289
0 1006348729
0 592776409
0 103876864
0 96255721
0 447026449
0 113569
0 43480836
0 668739600
0 1043225401
0 506070016
0 524364201
0 794112400
0 460660369
1 23
0 2152089
0 470976804
0 7075600
0 245831041
0 189255049
0 180714249
0 780475969
0 49154121
0 648364369
0 278022276
0 229128769
0 191656336
1 663114001
0 129185956
0 2886601
0 66520336
0 676000000
0 1498176
0 109202500
0 1066479649
1 47527236
1 843728209
0 57744801
0 383415561
0 54730404
0 816473476
0 558235129
0 30946969
0 72216004
0 895505625
1 1060739761
0 517835536
0 3312400
0 48580900
0 432764809
0 126427536
0 734193216
0 219069601
0 22090000
0 254147364
0 133217764
0 15563025
0 5116644
0 901860961
1 204375616
1 627101764
0 169338169
0 104387089
0 435348225
0 195888016
1 126967824
0 247055524
0 475545249
0 5841889
0 49646116
0 174900625
0 146579449
0 78960996
0 253446400
1 424978225
0 523448641
1 892157161
0 616082041
0 393129
0 341177841
0 71081761
0 599319361
1 179640409
0 1072300516
0 8620096
0 1004319481
0 40309801
0 294534244
1 62773929
0 67174416
0 153313924
0 14462809
0 95746225
0 646634041
1 15335056
0 539029089
0 592435600
0 615486481
0 96550276
1 390971529
0 117158976
0 205692964
1 23931664
0 555874929
0 1021185936
0 342176004
0 228493456
0 6076225
0 919605625
1 1039611049
0 194546704
1 184226329
0 280495504
0 293334129
0 402122809
0 154853136
0 65044225
0 699761209
0 19501056
0 22382361
0 342398016
1 34904464
0 303386724
0 870899121
0 1018056649
0 145033849
0 159289641
0 15295921
0 874739776
0 3129361
0 52490025
0 1036131721
0 1056784
0 624100
0 544195584
0 858665809
0 154157056
0 555025
0 1653796
0 2019241
0 9790641
0 13542400
0 16736281
0 34199104
0 37527876
0 45252529
0 57274624
0 75307684
0 86174089
0 154878025
0 159491641
0 162384049
1 197458704
0 209844196
0 220760164
0 225660484
0 248913729
0 310852161
0 317766276
0 384160000
0 428614209
0 472714564
0 537358761
0 555544900
1 555827776
0 603340969
0 617969881
1 673194916
1 696748816
0 710648964
0 714599824
0 771228441
0 863184400
0 932203024
0 1027330704
0 1038192841
0 1058786521
0 513249025
0 120253156
0 827540289
0 687803076
0 403166241
0 858607204
0 9991921
0 62916624
0 148669249
0 103408561
0 916878400
0 3470769
0 225870841
0 37283236
0 531486916
1 313
0 685863721
0 39400729
1 358496356
0 771728400
0 861305104
0 65383396
0 36481
0 873852721
0 139216401
1 2007889
0 739948804
0 206381956
1 640950489
0 380445025
1 64336441
0 473454081
1 442807849
0 249292521
0 518290756
0 41899729
0 608066281
0 937400689
0 61152400
0 12082576
0 487747225
1 194686209
0 175986756
1 228161025
0 560647684
0 906431449
0 5861241
0 715937049
0 23435281
0 196140025
0 186513649
0 289952784
0 738752400
0 2702736
0 190854225
0 69789316
0 76527504
0 18105025
0 1643524
1 577056484
0 20820969
0 520706761
0 246176100
0 924160000
0 51624225
0 774620224
1 632421904
0 914457600
0 59907600
1 307335961
1 509991889
0 85507009
0 617920164
1 987530625
0 344028304
0 116100625
0 28676025
1 29986576
0 273009529
0 121638841
0 22240656
0 691269264
0 11730625
0 102070609
0 1517824
0 105678400
0 19855936
0 8661249
0 130599184
1 383
0 158608836
1 531025936
0 149084100
0 7091569
0 289544256
0 813333361
0 67732900
0 769729536
0 833650129
1 1055925025
0 53392249
0 566773249
0 231861529
0 247118400
0 108493056
0 945501001
0 718561636
0 322624
0 51351556
0 645210801
0 217061289
0 187333969
0 1011558025
0 23164969
1 1059046849
0 37970244
0 113976976
0 242487184
1 452200225
0 742453504
0 995339401
1 468289600
0 178810384
0 686282809
1 611820225
0 873320704
0 550277764
0 16834609
1 1058526225
0 458045604
1 574800625
0 78854400
1 1011240000
1 261339556
0 757240324
0 51437584
0 749773924
0 41011216
0 348083649
1 121947849
0 14722569
0 642166281
0 359064601
0 740220849
1 668119104
0 790115881
0 800437264
0 348531561
0 524501604
0 712142596
0 550793961
0 262083721
0 297493504
0 158634025
0 89624089
0 399280324
0 430064644
0 754765729
1 43612816
0 72726784
0 827080081
0 199996164
0 513566244
1 14641
0 149769
0 434281
0 602176
0 767376
0 1104601
0 1690000
0 2235025
1 2812329
1 10536516
0 17505856
0 18215824
0 19545241
0 30636225
0 37662769
0 40195600
0 41280625
0 41422096
1 50908225
0 54745201
0 55965361
0 57638464
0 60699681
0 68425984
0 77598481
1 78659161
0 79388100
0 91489225
0 93064609
0 105555076
0 106172416
1 123210000
0 125305636
0 127870864
0 128119761
0 128142400
0 132641289
0 135582736
0 161340804
0 161518681
0 166978084
0 167055625
0 168013444
0 170563600
1 174424849
0 176943204
0 183250369
0 183927844
0 204804721
0 206525641
0 214476025
0 217090756
0 227859025
0 229037956
1 247558756
1 254338704
0 263965009
0 272481049
0 276157924
1 277056025
1 263
0 300744964
0 308248249
0 321054724
0 330876100
0 368256100
0 377680356
0 400280049
0 408322849
0 410265025
1 444661569
0 475676100
0 541911841
0 554367025
0 569729161
0 577825444
0 579942724
0 609843025
0 655513609
0 658076409
0 660747025
0 666052864
0 714225625
1 717650521
0 720600336
1 740928400
0 751911241
0 780084900
0 784840225
0 796086225
0 801795856
0 820937104
1 838449936
1 839898361
0 901140361
0 916696729
1 919302400
0 952031025
0 954686404
0 963109156
0 963419521
0 966401569
0 1013594569
0 1045616896
0 1048852996
0 1008253009
0 860248900
0 50253921
0 292717881
1 376903396
0 300606244
1 211353444
0 294843241
0 108618084
1 702356004
0 86713344
0 200477281
0 29127609
0 6421156
0 1052223844
0 784448064
1 90326016
0 836829184
0 958769296
0 17413929
0 98783721
0 408929284
0 408848400
0 858548601
0 197205849
0 436726404
1 127283524
0 179854921
0 386083201
0 331895524
0 331167204
0 10719076
0 335402596
1 923369769
0 554131600
0 44930209
0 580644
0 483032484
0 13571856
1 2722500
0 527161600
0 10131489
1 950673889
1 17322244
0 693163584
0 39639616
0 214798336
0 855445504
0 4489
0 392436100
0 530841600
0 9308601
0 25684624
0 888516864
0 191822500
1 71487025
1 12321
0 162919696
0 580135396
0 354870244
0 622752025
0 356869881
0 724201
0 205721649
0 9363600
0 207388801
0 20736
0 148913209
1 994834681
0 995150116
0 375468129
0 263477824
1 834574321
1 293848164
0 182358016
0 28058209
0 377136400
1 1017099664
0 32296489
0 986776569
0 542610436
0 748679044
0 535876201
0 528954001
0 141134400
0 280763536
0 983888689
0 372297025
0 130188100
0 911738025
0 534488161
0 30107169
1 798627600
1 233722944
0 92486689
1 81288256
0 97693456
0 574129521
0 22638564
0 392872041
0 39125025
0 736525321
0 138180025
0 3182656
0 622352809
0 672364900
1 24631369
0 284833129
0 46840336
0 916151824
1 208253761
0 70224400
1 29648025
0 276756496
0 122877225
1 336575716
0 188073796
0 656076996
0 770562081
0 635947524
0 167650704
0 375351876
0 301855876
0 167314225
0 234365481
0 413146276
0 211469764
0 210540100
0 365765625
0 397404225
0 12981609
0 419840100
0 81920601
0 227889216
0 707400409
0 383846464
0 342657121
0 463325625
0 1054950400
1 849605904
0 678498304
1 803439025
0 1214404
0 492973209
0 941876100
1 29855296
0 50140561
1 4507129
0 154604356
0 687173796
0 11696400
0 222784
0 606981769
0 732243600
0 34035556
0 386358336
0 681732100
0 419266576
0 1000646689
0 564585121
1 750650404
0 427124889
0 236421376
0 1014358801
1 782264961
1 45131524
0 29322225
0 572836356
0 569442769
1 4194304
0 134119561
0 77580864
1 453519616
0 24157225
0 22505536
0 868363024
0 65464281
0 161315401
0 800663616
1 861187716
0 225720576
0 33605209
0 23242041
0 109014481
0 499835449
0 7474756
1 295118041
1 177875569
0 56040196
0 384905161
0 608855625
0 507916369
0 402283249
0 162690025
0 525876624
0 231587524
0 547606801
1 943718400
0 1787569
0 754051600
0 126517504
0 1035423684
0 344622096
0 904325184
0 56355049
0 471454369
0 148328041
0 152695449
0 1027651249
0 648160681
0 542098089
0 165649
0 672400
0 3164841
0 687016521
0 226111369
0 12187081
0 782376841
0 131836324
0 559275201
0 93837969
0 39375625
0 12467961
0 493106436
0 15649936
0 275360836
0 36663025
0 44475561
1 696643236
0 4613904
1 233111824
0 8294400
0 26925721
0 189888400
0 803665801
0 157025961
1 22297284
0 718883344
0 130507776
0 479259664
1 1016079376
0 9345249
0 463196484
0 392554969
0 11881809
0 92390544
0 1058851600
0 387932416
0 463627024
0 127193284
0 573410916
0 508186849
0 366301321
0 582981025
0 727273024
0 55591936
0 433888900
1 48902049
0 350513284
0 57486724
0 299220804
0 821109025
0 197233936
0 358761481
0 184470724
1 163379524
0 258148489
0 28440889
0 340771600
0 381108484
0 744362089
0 279123849
1 445589881
0 69388900
0 132595225
0 830188969
0 306180004
0 75116889
0 72692676
0 2262016
0 10647169
0 873970969
0 67881121
0 256384144
0 610139401
0 1181569
0 221563225
0 229068225
0 1033944025
0 57410929
0 68079001
1 677821225
0 12180100
0 373532929
1 472062529
0 1062961
0 38155329
1 131583841
0 46949904
0 151585344
0 721889424
1 6245001
0 14661241
0 17522596
0 23707161
0 86007076
0 125574436
0 134189056
0 155625625
0 161569521
0 259628769
0 374035600
0 390773824
0 425019456
0 494261824
0 506880196
0 527850625
0 614494521
1 806503201
0 870132004
0 1028805625
0 1042256656
0 1048593924
0 1071318361
0 179051161
1 7311616
0 18292729
0 147282496
0 49070025
0 132687361
0 141871921
0 75064896
1 404854641
1 109620900
0 533841025
0 65512836
1 181872196
0 161976529
0 535824
0 70476025
0 14025025
0 956293776
0 691532209
0 116281
0 3467044
0 123099025
1 204861969
0 39601849
0 433722276
0 10883401
0 2499561
0 254402500
0 865006921
0 82246761
0 200987329
1 42523441
0 134304921
0 338265664
0 113784889
0 29539225
0 798684121
0 636098841
0 395850816
0 76125625
1 567535329
0 486290704
0 193126609
0 35748441
0 1375929
0 276324129
0 348307569
0 651729841
0 545829769
0 236482884
0 89984196
0 639735849
0 142683025
1 139996224
0 804913641
0 898620529
0 207043321
0 78074896
0 713691225
0 729270025
0 8421604
0 60918025
0 173889
0 140754496
0 629407744
0 90060100
0 596678329
0 10497600
0 995970481
0 748241316
0 403728649
0 60746436
0 341362576
0 65545216
0 928786576
0 1263376
0 539307729
0 838565764
0 661364089
0 61858225
0 371332900
0 121374289
0 185368225
0 392238025
0 4343056
0 38713284
0 3204100
0 996601761
0 297390025
0 6051600
0 872966116
0 964599364
1 863948449
0 90364036
0 153760000
0 760270329
0 33269824
0 650148004
1 112678225
0 415099876
0 214944921
0 585543204
0 87422500
0 544989025
1 596043396
0 459373489
0 336906025
0 248377600
0 505080676
0 289444
0 23338561
0 128881
1 82519056
0 299878489
0 74097664
0 35378704
0 694375201
0 4955076
0 354004225
0 366569316
1 44342281
0 39262756
0 714172176
0 103063104
0 736742449
0 226893969
0 932813764
0 19272100
0 286225
0 186022321
0 19998784
0 136609344
0 29637136
0 1050278464
0 85340644
0 5764801
0 113507716
0 85988529
1 1063412100
1 192349161
0 1030795236
0 502252921
0 73736569
0 290293444
1 6461764
0 1045164241
0 88247236
0 253573776
0 320410000
1 490000
0 60155536
0 125753796
0 67765824
1 884646049
0 12446784
0 313148416
0 646416
1 8874441
0 60730849
0 315027001
1 322777156
0 719312400
0 273340089
0 136212241
0 148547344
0 48149721
0 577873521
1 204547204
0 769230225
0 373726224
0 133494916
1 764688409
0 69588964
0 43917129
0 721620769
0 8128201
0 911315344
0 619369
1 793492561
0 312865344
0 363931929
0 643890625
0 1399489
0 770062500
0 677508841
0 704849401
0 518837284
0 52345225
0 479829025
1 3066001
0 700290369
0 1587600
1 534256996
0 396965776
0 594140625
0 443144601
0 53100369
0 280529001
0 610090000
1 541679076
0 69189124
0 252682816
0 173738761
0 568679409
0 91183401
0 29877156
0 653927184
1 876633664
0 9265936
0 1065826609
0 924464025
0 312158224
0 1058005729
0 610781796
1 456420496
0 76055841
0 204490000
0 374499904
0 249103089
0 364816
0 868624
0 5400976
0 7540516
0 20421361
0 22127616
0 22155849
0 25482304
0 29550096
1 37564641
1 39816100
0 106853569
0 111239209
0 115906756
0 201640000
0 209757289
0 248220025
0 408524944
0 514926864
0 547934464
0 562258944
0 644398225
0 686125636
0 720331921
0 729486081
0 955304464
0 966836836
0 1022208784
0 1033108164
0 203319081
0 870958144
0 990297961
0 8649481
0 64064016
0 66048129
0 2604996
0 4532641
0 509179225
0 287675521
0 92544400
0 372104100
0 10601536
0 7557001
0 1003812489
0 23921881
0 366377881
0 176544369
0 772673209
0 212809744
0 208369225
0 890007889
0 39225169
0 391050625
1 17007376
0 48121969
0 528862009
0 146047225
0 106419856
0 3751969
0 102718225
0 907816900
0 6280036
0 935564569
1 55696
0 233906436
0 528356196
1 510895609
0 323640100
0 92409769
0 47803396
1 26071236
0 83283876
0 161849284
0 6615184
1 8952064
0 823517809
0 118701025
1 41113744
0 185232100
0 97180164
0 379158784
0 404572996
0 12362256
0 549949401
0 845704561
0 9060100
0 508231936
0 475894225
0 606932496
0 506790144
0 98604900
0 92416
0 252523881
1 7744
1 930616036
0 696326544
0 337971456
1 457917201
1 1044484
0 61011721
0 34574400
0 177049636
1 800324100
0 557196025
0 1907161
0 27311076
0 646430625
0 817102225
0 515244601
1 339296400
0 250620561
0 5198400
0 971132569
0 717168400
1 845762724
0 346220449
1 467251456
0 4870849
1 2715904
0 50694400
1 477859600
0 5285401
1 89415936
0 679644900
0 975937600
0 214358881
1 331749796
1 259338816
0 99440784
0 86304100
0 623550841
0 348643584
1 209062681
0 145347136
0 38378025
0 760766724
0 465566929
1 115004176
0 130210921
0 325261225
0 395890609
1 350925289
0 171662404
0 814874116
0 568917904
0 199515625
0 596141056
1 97555129
1 116834481
1 5837056
0 8797156
0 370639504
0 6355441
0 96412761
0 28079401
1 490755409
0 71842576
0 133056225
0 166281025
0 77545636
0 67551961
0 27709696
0 113592964
0 73702225
0 111133764
0 322525681
0 12299049
0 780308356
0 198359056
0 605284
0 373764889
0 63457156
0 313431616
0 210946576
0 27102436
0 711715684
0 548777476
0 9486400
0 30669444
0 205492225
0 72863296
0 6786025
0 585059344
0 1021249849
0 212255761
1 307476225
1 22963264
0 940900
0 433347489
0 119639844
0 126585001
0 317409856
0 16096144
0 598780900
0 376825744
0 1071252900
0 24900100
0 232867600
0 831744
0 799928089
0 45414121
0 854919121
0 182034064
0 216148804
0 2883204
1 11168964
0 809231809
0 745017025
1 398361681
0 161010721
0 826505001
0 1764
0 21986721
0 666156100
0 104121616
0 804516496
0 747311569
0 281937681
0 672261184
0 107952100
0 64850809
1 469892329
0 23600164
0 1006221841
1 561310864
1 24910081
0 78021889
0 586705284
0 70946929
0 13068225
0 967769881
0 751582225
1 465308041
0 24990001
0 4264225
1 755755081
1 196784784
1 9272025
0 607967649
0 226803600
1 752240329
0 1718721
0 199204996
0 593166025
0 171636201
0 8100
0 891619600
0 56130064
0 4330561
0 971506561
0 132204004
0 594823321
0 957469249
0 57047809
1 18852964
0 160376896
0 399680064
0 762864400
1 47169424
0 498673561
0 601622784
0 10201
0 469025649
0 333500644
0 135815716
0 535968801
0 90687529
0 273604681
0 745945344
0 725278761
0 634284225
0 37417689
0 491730625
1 901921024
0 586317796
0 18705625
0 184117761
0 332916516
0 317694976
0 510669604
0 148864401
0 21650409
1 129937201
0 655001649
0 2036329
0 922640625
0 515834944
0 137475625
0 121925764
1 164326761
0 372100
0 1011812481
0 265722601
0 398840841
0 32092225
0 136188900
0 1011367204
0 654541056
0 219336100
0 214124689
0 1065957201
0 40627876
1 542703616
1 48958009
0 198979236
0 57562569
0 3062500
0 299497636
1 780699481
1 46158436
0 250114225
0 928299024
0 690323076
0 962798841
0 293231376
0 154629225
0 536895241
0 360354289
0 65318724
1 128255625
0 161391616
0 718936969
0 432931249
1 574564
0 133772356
0 133679844
0 235837449
0 638401
0 171112561
0 166900561
0 710915569
0 327248100
0 49956624
0 250177489
1 565726225
0 889351684
1 1024896196
0 120538441
0 743761984
0 158080329
0 736308225
1 241081
0 961496064
0 414736
0 479215881
0 45819361
0 148376761
0 123010281
1 20775364
0 817330921
0 3024121
0 278389225
0 55130625
0 6594624
0 55502500
0 152670736
0 75186241
0 578883600
1 143496441
0 312759225
1 597851401
0 441042001
0 708304996
0 1555009
0 560931856
0 122014116
0 560884489
0 493861729
0 360658081
0 616280625
0 292478404
0 1071842121
0 620856889
0 846111744
0 692689761
1 5626384
0 1062108100
0 46485124
0 411521796
0 26853124
0 59552089
0 251729956
0 709476496
0 326561041
0 714065284
0 16088121
0 668584449
0 820192321
0 111999889
0 257217444
0 6250000
1 492662416
0 196308121
0 11195716
0 2322576
0 359367849
1 360962001
1 45279441
0 490932649
0 202500
0 819505129
0 702091009
0 339812356
0 713050209
0 210569121
0 585833616
0 162741049
0 2319529
0 195468361
0 40157569
0 660335809
0 64
1 873025209
1 271854144
0 187169761
0 12909649
0 221235876
0 248251536
0 612859536
1 622402704
0 4700224
0 70756
0 297025
0 330625
0 829921
0 1048576
0 2592100
0 3724900
0 4040100
0 4260096
0 7414729
0 10942864
1 11002489
0 16184529
0 17783089
0 36000000
0 40985604
0 42928704
0 54493924
0 66308449
0 82737216
0 84621601
1 89548369
1 103002201
0 107288164
0 107329600
0 107993664
0 114854089
0 117202276
0 120384784
0 126540001
0 137100681
1 141086884
0 145226601
0 151290000
0 156100036
0 178917376
0 191185929
0 191351889
0 242985744
0 247810564
0 273670849
0 274830084
0 300432889
0 313183809
0 320553216
0 325946916
0 335219481
0 348942400
0 375429376
0 404774161
0 406143409
0 439908676
0 440706049
0 473280025
0 487173184
0 490489609
0 504541444
0 534072100
0 553472676
1 572166400
0 599760100
0 606292129
1 624500100
0 630461881
0 637714009
0 642977449
0 651525625
0 657819904
1 674648676
0 738426276
0 754600900
0 759388249
0 764246025
0 765850276
0 811452196
0 812763081
0 822886596
0 849780801
0 850130649
0 886729284
0 923065924
0 951537409
0 952524769
0 981506241
0 998370409
0 1015441956
1 58828900
0 630361449
0 323424256
0 133310116
0 15912121
0 814588681
0 27363361
0 3713329
0 210279001
0 187909264
0 266505625
0 351637504
0 874976400
0 79709184
0 293642496
0 800776804
0 326235844
0 247936516
0 579076096
1 791578225
0 635493681
0 802079041
0 344399364
0 379431441
1 111070521
0 339738624
1 270470916
0 180579844
0 811395225
1 371140225
0 304432704
0 17656804
0 166693921
0 896223969
1 243172836
0 846635409
0 80353296
0 33709636
0 126495009
0 313113025
0 161467849
0 228463225
0 10086976
0 47059600
0 63377521
0 176597521
0 944087076
0 132457081
1 147938569
1 26832400
0 815902096
0 28751044
0 292991689
0 445716544
0 245799684
0 260887104
0 2534464
1 432473616
0 233692369
0 458430921
0 37601424
0 152300281
0 548871184
0 444239929
0 310534884
1 667188900
1 718132804
0 19784704
0 49028004
0 426339904
0 515925796
1 82700836
0 352050169
0 942674209
0 183060900
0 729378049
0 936849664
0 258566400
0 887861209
0 447195609
1 38651089
1 406425600
0 548918041
0 18181696
0 543962329
0 6066369
1 165071104
0 294946276
0 234181809
0 138415225
0 699972849
0 571066609
0 591559684
1 17799961
0 887980401
0 384120801
0 160604929
0 14478025
0 28622500
0 68740681
0 1029318889
0 66031876
0 97061904
0 229613409
0 728730025
1 84860944
0 392792761
0 36554116
0 569395044
0 936237604
1 466646404
0 135955600
1 1071449289
0 872907025
0 11888704
0 1416100
0 88454025
1 859193344
1 354025
0 58859584
0 2647129
0 1752976
0 641963569
0 885895696
0 462422016
0 1055405169
0 430728516
0 908238769
0 849139600
0 931836676
1 5574321
1 1045552225
0 109725625
0 119333776
0 627264
0 967023409
0 11662225
0 367757329
0 379938064
1 740765089
1 993258256
0 461949049
0 1681
1 12880921
0 349129225
0 491597584
0 787083025
0 196868961
0 3798601
1 368755209
0 790172100
0 453136369
0 235070224
0 844367364
0 22657600
0 900420049
0 39790864
0 188925025
0 388208209
0 801059809
0 999381769
0 337603876
0 838797444
0 463540900
0 157301764
1 605455236
0 234273636
0 303456400
0 617870449
0 240901441
0 527069764
1 561121344
0 370293049
0 359974729
0 839376784
0 199600384
0 140493609
0 426918244
0 368640000
0 58951684
0 323748049
0 557904400
0 33177600
1 927324304
0 567582976
0 187799616
1 711128889
0 328624384
0 3341584
0 147865600
0 125081856
0 71098624
0 108035236
0 656025769
0 137710225
1 459244900
0 920576281
0 438190489
0 164968336
0 293711044
0 73017025
0 176252176
0 902221369
0 898920324
0 151462249
0 998686404
0 643129600
0 244922500
0 958026304
0 63027721
0 51825601
0 82319329
0 746600976
1 160655625
0 167598916
0 17530969
0 1027523025
1 1833316
0 342509049
0 63329764
0 89453764
0 5067001
0 117896164
0 30980356
1 1009459984
0 486775969
0 1030538404
0 560458276
0 476592561
0 128006596
0 41525136
0 51322896
0 42614784
0 826677504
0 11458225
1 71723961
0 261468900
0 374809600
0 496754944
0 173606976
0 141895744
0 100701225
0 815616481
0 815730721
0 459459225
0 769396644
0 902281444
